1 0 3.175 -0.8475 0.145554 0.558145 14.7043
1 1 2.645 -0.9075 0.671196 6.04562 81.1303
1 2 2.295 -1.0225 1.02943 10.134 96.9108
1 3 2.115 -1.0775 0.614138 4.00934 42.62
1 4 1.995 -1.0975 0.200848 0.740544 13.5946
1 5 1.865 -1.1275 0.0549857 0.0952436 3.00035
1 6 1.965 -1.1475 0.0122123 0.00959846 0.617748
1 7 1.575 -1.0325 0.00162987 0.0007422 0.207365
1 8 2.015 0.5725 0.000104399 8.26732e-05 0.627103
1 9 1.815 -0.8275 4.56424e-05 1.05181e-06 0.000531048
2 0 2.255 -0.9225 inf 0.000329625 0
2 1 2.325 -1.0625 0.211223 0.0786821 0.138762
2 2 2.255 -1.1625 0.974282 1.47269 2.28483
2 3 2.085 -1.1675 1.17645 2.64532 5.05605
2 4 1.915 -1.1175 0.534968 0.993729 3.45049
2 5 1.805 -1.1425 0.142789 0.139426 0.953454
2 6 1.795 -1.1575 0.0324248 0.0160098 0.243791
2 7 1.835 -1.1775 0.00461925 0.000778517 0.0284049
2 8 1.705 -0.9075 0.000121644 1.3717e-05 0.0127155
2 9 1.605 -0.5325 inf 4.37028e-06 0
3 1 1.675 -1.4425 inf 0.000208547 0
3 2 1.965 -1.2275 0.541197 0.0760164 0.0197289
3 3 1.975 -1.1675 1.30267 0.819975 0.396217
3 4 1.925 -1.2125 1.04603 0.813068 0.604183
3 5 1.755 -1.0275 0.360406 0.241501 0.449007
3 6 1.785 -1.0725 0.0694883 0.0323162 0.21628
3 7 1.905 -1.2225 0.0147473 0.00233918 0.0251596
3 8 1.615 -1.0125 inf 5.26609e-05 0
4 2 2.135 -0.7875 0.0910825 0.00239276 0.000690127
4 3 1.965 -1.1625 0.863721 0.141304 0.0267646
4 4 1.915 -1.1475 1.5199 0.583084 0.147173
4 5 1.745 -0.6625 0.784124 0.329977 0.177092
4 6 1.625 -0.5875 0.191425 0.0562761 0.0864277
4 7 1.775 -1.1125 0.030084 0.00533113 0.0314028
4 8 1.875 -1.1425 0.00319446 0.000194352 0.00370154
5 3 1.755 -1.1375 0.466562 0.00702803 0.000226908
5 4 1.885 -1.1775 1.3707 0.176357 0.016554
5 5 1.765 -0.7575 1.28203 0.297901 0.0539943
5 6 1.625 -0.9825 0.530214 0.0951679 0.0322165
5 7 1.615 -0.9375 0.10012 0.0125354 0.0156761
5 8 1.675 -0.2525 0.0118876 0.000729073 0.0037614
5 9 1.965 0.1725 0.00017133 4.22004e-06 0.000606689
6 4 1.835 -0.5225 0.795884 0.026694 0.00112494
6 5 1.805 -0.9375 1.50891 0.182187 0.0145785
6 6 1.645 -0.9475 0.905383 0.108504 0.0143623
6 7 1.535 -0.8175 0.321186 0.031322 0.009510120
6 8 1.585 -0.9325 0.0352637 0.00231344 0.00430387
6 9 1.595 -0.1075 0.00063448 1.93868e-05 0.000933632
7 4 1.795 -1.0475 inf 0.000229103 0
7 5 1.855 -1.1475 1.3645 0.0396225 0.000843207
7 6 1.725 -0.9525 1.4147 0.117432 0.00689038
7 7 1.585 -0.6675 0.655573 0.0669004 0.010414
7 8 1.485 -0.8075 0.229155 0.0102915 0.00201698
7 9 1.575 -0.7875 0.0159692 0.000374601 0.000550265
7 10 1.545 -1.1625 inf 5.35736e-07 0
8 5 1.685 -0.8025 inf 0.000619259 0
8 6 1.745 -1.0075 1.6284 0.0417817 0.000658343
8 7 1.625 -0.7475 1.30955 0.0647648 0.00244587
8 8 1.585 -0.7025 0.556719 0.0415985 0.0055832
8 9 1.525 -0.7375 0.189009 0.00683206 0.00130659
8 10 1.495 -0.6075 0.0131665 0.000168138 0.000163077
8 11 1.465 -0.9775 inf 9.81046e-07 0
9 6 1.605 -0.8575 inf 0.000647576 0
9 7 1.625 -0.8975 1.93573 0.0210041 0.000117738
9 8 1.575 -0.6325 1.34574 0.0488381 0.00131703
9 9 1.495 -0.6425 0.982929 0.035457 0.00130125
9 10 1.345 -0.3475 0.509858 0.0159209 0.000975072
9 11 1.335 -0.1275 0.390031 0.0115933 0.000883513
